8
1 0 4 52,4928986666667 386,440146167629 0,669305434259719 19,5746715134452
1 1 4 57,447517666666 367,455569778816 0,636134716063713 14,4471886450253
1 2 4 77,992839 308,520869989996 0,568563533953299 9,69011223696018
1 3 4 62,7841153333333 331,246785481794 0,57269172381511 15,9977005269088
2 0 4 64,1962713333333 348,865654372279 0,597333093004891 0,008123363395511
2 1 4 74,199591 336,98722709531 0,595533128121171 0,008011086163202
2 2 4 114,919117666667 273,906022133798 0,597259190947613 0,005298967226841
2 3 4 86,590358 290,321070522597 0,598016766703827 0,008571383551386
3 0 4 43,9478426666667 416,608190445414 0,384251049186033 3,68293835147292
3 1 4 51,316823 411,159280997702 0,387984034016337 2,75562185397927
3 2 4 77,3014016666667 320,982773317916 0,38241985177515 1,70827870637515
3 3 4 57,7028006666667 342,732066549345 0,37888164403124 3,08533828674988
4 0 4 46,0532916666667 460,285603638486 0,444808852725733 12,0675418946247
4 1 4 59,7610633333333 426,814395603925 0,501477276662388 9,43007201564398
4 2 4 75,643795 354,726618519927 0,448390072689879 6,407808996785
4 3 4 58,584783 375,472607190197 0,423316101040977 10,1380861310274
5 0 4 59,2069853333333 354,973395265522 0,615917100868617 5,32466001086355
5 1 4 61,4093913333333 360,18987768603 0,619101476950647 4,68740543120022
5 2 4 82,4586963333333 296,498945126135 0,597701319038761 3,8870432326236
5 3 4 65,9870373333333 308,812812231379 0,630003612110765 5,61079527975717
6 0 4 46,962256 367,569425285217 0,992851981500324 20,8893134017098
6 1 4 53,110745 359,913805008199 0,946869764907606 16,5830231938778
6 2 4 65,672901 306,656329125923 0,80946109236722 11,5815681875764
6 3 4 54,5050423333333 324,599970648208 0,868947749553968 18,2086535872239
7 0 4 47,4006583333333 490,815468367305 0,396558346737055 13,0830376975569
7 1 4 52,600489 496,846123826672 0,400278544518559 10,2788061778574
7 2 4 77,871388 368,309943582951 0,379529166136233 6,61652704679289
7 3 4 61,9672943333333 366,248937299664 0,38198659466877 10,8829080836883
8 0 4 107,547821 381,081779632373 4,46253026704234 254,907728750744
8 1 4 81,4371526666667 364,787180224479 3,67054684378048 180,381845727253
8 2 4 54,8675753333333 334,128055538622 2,52163337631665 125,140912090834
8 3 4 90,8885836666667 346,05330625834 3,07930876580205 195,447027126259
