-4.660386e-13 -5.341644e-05 -9.635407e-15 1.109855e-13 1.129759e-02 0.7760169
-4.254210e-13 8.198474e-05 -2.323394e-15 1.553826e-13 1.194682e-02 0.7810869
-3.782110e-13 -1.663019e-04 2.149269e-15 1.539429e-13 9.863767e-03 0.8000412
-3.695528e-13 -1.206395e-04 -1.474765e-15 1.966460e-13 9.640805e-03 0.8060154
-3.247254e-13 -1.684092e-04 -1.519961e-15 1.103285e-13 9.134157e-03 0.8561134
-3.033934e-13 -5.494046e-05 -4.746287e-15 1.547571e-13 6.302060e-03 0.8635995
-2.987037e-13 -1.969024e-04 -3.848502e-15 7.560781e-14 7.717944e-03 0.9108206
-1.879804e-13 7.728923e-05 2.058241e-15 -6.796617e-15 8.118165e-03 0.9242933
-2.164632e-13 -5.4113830e-04 -1.215303e-15 5.302993e-14 7.339463e-03 1.0058627
-1.087573e-13 -2.952256e-04 3.799870e-15 3.445324e-16 3.282644e-03 0.9593980
-1.861644e-13 -4.101802e-04 -4.658727e-15 1.846113e-13 6.802430e-03 1.0091842
-1.581069e-28 3.973760e-19 1.183321e-29 2.650576e-28 1.354792e-17 1.0000000
-1.123369e-13 -2.473283e-04 -7.227478e-15 1.244388e-13 3.223267e-03 1.0965118
-6.110341e-14 2.779141e-05 -1.179139e-14 1.517697e-13 -5.680737e-04 1.1216050
-9.480866e-14 9.730993e-06 -1.678265e-14 2.503534e-13 3.508423e-04 1.1637498
6.257310e-04 8.237329e-04 -5.375374e-15 5.438704e-14 -2.017754e-03 1.2583861
