8
1 0 4 60.8123666666667 319.86 0.553537666666667 15.4380666666667
1 1 4 59.9254665 496.952401942025 0.834611667135402 5.58524379281868
2 0 4 86.9066666666667 273.738333333333 0.602419333333333 0.013626276666667
2 1 4 57.7410665 489.892550954579 0.699262043682928 0.111825902778069
3 0 4 56.7154 320.732333333333 0.369184333333333 3.09025
3 1 4 100.384111 499.402131685043 0.482500827779472 2.91397730934248  
4 0 4 55.8566666666667 359.276666666667 0.406666666666667 9.98333333333333
4 1 4 62.690263 505.480315710733 0.56299053107011 9.74715520786192
5 0 4 64.4259 288.578333333333 0.634948333333333 5.69493
5 1 4 59.9254665 496.952401942025 0.834611667135402 5.58524379281868
6 0 4 50.6017666666667 298.154 0.809574666666667 16.1236666666667
6 1 4 54.1110895 471.992051706082 1.42752406954613 19.1701644137672 
7 0 4 57.6235666666667 367.388333333333 0.397327666666667 16.1983666666667
7 1 4 52.496602 493.549784038791 0.401435375395283 10.2968848515332
8 0 4 90.9561166666667 320.074 3.51183833333333 221.1665
8 1 4 120.487085 475.350683997552 2.27466217838094 85.6369846893482
