9
1 0 4 375.603455333333 314.285782355285 0.65657707670715 2.88527706632359
7
0.469254419399693
0.459635986837588
0.484099624515242
0.48510611704726
0.46365465506585
0.477349725634138
0.420528001010935





2 0 4 200.206667033333 288.317910929635 0.616706936821152 9.2658733443144
3 0 4 475.491251128205 338.814986336771 2.09233189700224 91.3091218048348
4 0 4 66.18348325 299.536622736623 0.432004749766522 1.75121601578883
5 0 4 86.86448075 338.376480362626 0.682940475258097 13.583108442927
6 0 4 161.344185884615 280.011374345386 0.796014233933925 3.56482455922779
7 0 4 343.956182730769 332.814825160117 0.600165697206987 20.4563396593192
8 0 4 824.379211980769 338.876492321051 1.13789957537594 43.2908225355081
9 0 4 106.2204854 321.037458268808 1.18348307700711 48.6086487724567
